 
Input source 1: random number

alpha	     linear    double
-----------------------------
0.5          1.50      1.39
0.6	     1.75      1.52
0.7	     2.18      1.72
0.8	     3.05      2.02
0.9	     5.30      2.55
0.95	     10.46     3.15
0.98	     24.84     3.97
0.99	     47.35     4.63


Input6 source 2: current time

alpha        linear    double
-----------------------------
0.5          1.0       1.0
0.6          1.0       1.0
0.7          1.0       1.0
0.8          1.0       1.0
0.9          1.0       1.0
0.95         1.0       1.0
0.98         1.0       1.0
0.99         1.0       1.0 


Input source 3: word-list

alpha        linear    double
-----------------------------
0.5          1.59      1.40
0.6	     2.07      1.54
0.7	     3.76      1.72
0.8	     7.43      2.02
0.9	    22.37      2.57 
0.95	   155.21      3.15 
0.98	   375.38      3.96
0.99	   523.93      4.61

